645
810
645
605
20
55
64
62
60
165
16
205
40
20
95
335
55
10
0
55
55
75
0
55
55
140
0
55
55
205
0
55
55
270
0
55
55
20
335
55
10
75
140
205
270
0
400
380
50
280
100
50
250
45
20
370
80
21
12
50
105
50
150
180
160
50
150
180
105
50
150
50
160
50
150
50
220
50
300
700
500
200
50
250
225
280
335
390
15
370
20
350
100
0
0
170
50
150
0
150
50
370
80
350
50
0
0
170
50
125
5
150
50
400
300
50
150
100
50
250
45
50
370
80
21
12
700
500
33
12
140
50
700
40
145
180
400
200
700
500
55
30
158
180
181
69
303
180
126
184
243
440
25
499
440
520
105
459
440
296
116
232
235
175
235
234
236
323
17
258
165
165
19
28
90
54
160
52
154
50
195
43